0,0,0,252,27,0,0,0,0,252,1,0,0,0,0,0,0,0,0,0,0,0,0,0,0,0,0,0,0,0,0,0,0,0,0,0,0,0,0
255,190,0,0,0,0,0,0,0,0,0,0,250,18,0,0,0,0,0,0,0,0,0,0,0,0,0,255,56,0,0,0,0,255,174,0,0,0,0
255,162,0,255,149,0,0,0,0,0,0,0,0,0,0,250,31,0,0,0,0,0,0,0,0,0,0,0,0,0,0,0,0,0,0,0,255,178,0
0,0,0,0,0,0,255,89,0,0,0,0,0,0,0,0,0,0,252,6,0,0,0,0,0,0,0,0,0,0,0,0,0,255,102,0,0,0,0
0,0,0,0,0,0,22,10,0,255,49,0,0,0,0,0,0,0,0,0,0,255,233,0,0,0,0,0,0,0,0,0,0,0,0,0,0,0,0
0,0,0,0,0,0,0,0,0,0,0,0,0,0,0,105,9,0,0,0,0,0,0,0,0,0,0,255,186,0,0,0,0,0,0,0,0,0,0
0,0,0,0,0,0,0,0,0,0,0,0,0,0,0,21,1,0,49,4,0,0,0,0,0,0,0,0,0,0,255,73,0,0,0,0,0,0,0
0,0,0,0,0,0,0,0,0,0,0,0,0,0,0,0,0,0,0,0,0,0,0,0,255,199,0,0,0,0,0,0,0,0,0,0,250,235,0
0,0,0,0,0,0,0,0,0,0,0,0,0,0,0,0,0,0,0,0,0,0,0,0,0,0,0,255,144,0,252,41,0,0,0,0,0,0,0
0,0,0,0,0,0,0,0,0,0,0,0,0,0,0,0,0,0,0,0,0,0,0,0,0,0,0,0,0,0,0,0,0,250,230,0,0,0,0
250,55,0,0,0,0,0,0,0,0,0,0,0,0,0,0,0,0,0,0,0,0,0,0,0,0,0,0,0,0,0,0,0,0,0,0,250,67,0
0,0,0,250,3,0,0,0,0,0,0,0,0,0,0,0,0,0,0,0,0,0,0,0,0,0,0,0,0,0,0,0,0,0,0,0,0,0,0
252,1,0,0,0,0,252,3,0,0,0,0,0,0,0,0,0,0,0,0,0,0,0,0,0,0,0,0,0,0,0,0,0,0,0,0,0,0,0
0,0,0,252,22,0,0,0,0,0,0,0,255,158,0,0,0,0,0,0,0,0,0,0,0,0,0,0,0,0,0,0,0,0,0,0,0,0,0
0,0,0,0,0,0,252,28,0,0,0,0,255,162,0,0,0,0,0,0,0,0,0,0,0,0,0,0,0,0,0,0,0,0,0,0,0,0,0
0,0,0,0,0,0,0,0,0,0,0,0,0,0,0,0,0,0,255,67,0,0,0,0,0,0,0,0,0,0,0,0,0,0,0,0,0,0,0
250,21,0,0,0,0,0,0,0,0,0,0,0,0,0,250,22,0,0,0,0,250,62,0,0,0,0,0,0,0,0,0,0,0,0,0,0,0,0
0,0,0,0,0,0,255,80,0,0,0,0,0,0,0,0,0,0,0,0,0,250,25,0,0,0,0,252,37,0,0,0,0,0,0,0,0,0,0
255,100,0,0,0,0,0,0,0,0,0,0,250,182,0,0,0,0,0,0,0,0,0,0,0,0,0,0,0,0,0,0,0,255,180,0,0,0,0
255,34,0,255,108,0,0,0,0,0,0,0,0,0,0,250,149,0,0,0,0,0,0,0,0,0,0,0,0,0,0,0,0,0,0,0,250,22,0
0,0,0,0,0,0,255,166,0,0,0,0,0,0,0,0,0,0,250,23,0,0,0,0,0,0,0,0,0,0,0,0,0,59,5,0,0,0,0
0,0,0,0,0,0,22,21,0,250,3,0,0,0,0,0,0,0,0,0,0,250,0,0,0,0,0,0,0,0,0,0,0,0,0,0,0,0,0
0,0,0,0,0,0,0,0,0,252,1,0,250,1,0,0,0,0,0,0,0,0,0,0,250,0,0,0,0,0,0,0,0,0,0,0,0,0,0
0,0,0,0,0,0,0,0,0,0,0,0,0,0,0,250,1,0,0,0,0,0,0,0,0,0,0,255,61,0,0,0,0,0,0,0,0,0,0
0,0,0,0,0,0,0,0,0,0,0,0,0,0,0,0,0,0,250,12,0,250,26,0,0,0,0,0,0,0,0,0,0,255,93,0,0,0,0
0,0,0,0,0,0,0,0,0,0,0,0,0,0,0,0,0,0,0,0,0,0,0,0,250,0,0,0,0,0,0,0,0,0,0,0,255,233,0
0,0,0,0,0,0,0,0,0,0,0,0,0,0,0,0,0,0,0,0,0,0,0,0,0,0,0,255,35,0,0,0,0,0,0,0,0,0,0
0,0,0,0,0,0,0,0,0,0,0,0,0,0,0,0,0,0,0,0,0,0,0,0,0,0,0,255,43,0,255,151,0,0,0,0,0,0,0
0,0,0,0,0,0,0,0,0,0,0,0,0,0,0,0,0,0,0,0,0,0,0,0,0,0,0,0,0,0,255,149,0,0,0,0,0,0,0
255,74,0,0,0,0,0,0,0,0,0,0,0,0,0,0,0,0,0,0,0,0,0,0,0,0,0,0,0,0,0,0,0,0,0,0,255,79,0
0,0,0,0,0,0,255,103,0,0,0,0,0,0,0,0,0,0,0,0,0,0,0,0,0,0,0,0,0,0,0,0,0,0,0,0,0,0,0
0,0,0,0,0,0,0,0,0,255,216,0,0,0,0,0,0,0,0,0,0,0,0,0,0,0,0,0,0,0,0,0,0,0,0,0,0,0,0
0,0,0,0,0,0,0,0,0,255,199,0,0,0,0,0,0,0,0,0,0,0,0,0,0,0,0,0,0,0,0,0,0,0,0,0,0,0,0
250,156,0,0,0,0,0,0,0,0,0,0,0,0,0,255,228,0,0,0,0,255,221,0,0,0,0,0,0,0,0,0,0,0,0,0,0,0,0
250,194,0,0,0,0,0,0,0,0,0,0,0,0,0,255,228,0,0,0,0,255,203,0,0,0,0,0,0,0,0,0,0,0,0,0,0,0,0
0,0,0,0,0,0,252,29,0,0,0,0,0,0,0,0,0,0,0,0,0,255,197,0,0,0,0,255,235,0,0,0,0,0,0,0,0,0,0
250,0,0,0,0,0,0,0,0,0,0,0,0,0,0,0,0,0,0,0,0,0,0,0,255,172,0,0,0,0,0,0,0,250,0,0,0,0,0
0,0,0,252,14,0,252,13,0,0,0,0,0,0,0,255,87,0,0,0,0,0,0,0,0,0,0,0,0,0,252,14,0,0,0,0,0,0,0
0,0,0,0,0,0,21,3,0,250,2,0,0,0,0,0,0,0,0,0,0,255,162,0,0,0,0,0,0,0,0,0,0,0,0,0,0,0,0
0,0,0,0,0,0,0,0,0,250,48,0,250,0,0,0,0,0,0,0,0,0,0,0,250,4,0,0,0,0,0,0,0,0,0,0,0,0,0
0,0,0,0,0,0,0,0,0,0,0,0,0,0,0,77,23,0,250,32,0,0,0,0,0,0,0,0,0,0,252,29,0,0,0,0,0,0,0
0,0,0,0,0,0,0,0,0,0,0,0,0,0,0,0,0,0,250,147,0,250,142,0,0,0,0,0,0,0,252,23,0,0,0,0,0,0,0
0,0,0,0,0,0,0,0,0,0,0,0,0,0,0,0,0,0,0,0,0,250,21,0,250,155,0,0,0,0,0,0,0,0,0,0,0,0,0
0,0,0,0,0,0,0,0,0,0,0,0,0,0,0,0,0,0,0,0,0,0,0,0,250,74,0,252,40,0,0,0,0,0,0,0,0,0,0
0,0,0,0,0,0,0,0,0,0,0,0,0,0,0,0,0,0,0,0,0,0,0,0,0,0,0,252,32,0,252,36,0,0,0,0,0,0,0
98,8,0,0,0,0,0,0,0,0,0,0,0,0,0,0,0,0,0,0,0,0,0,0,0,0,0,0,0,0,0,0,0,0,0,0,158,13,0
0,0,0,43,3,0,0,0,0,0,0,0,0,0,0,0,0,0,0,0,0,0,0,0,0,0,0,0,0,0,0,0,0,0,0,0,0,0,0
0,0,0,255,29,0,0,0,0,247,0,0,0,0,0,0,0,0,0,0,0,0,0,0,0,0,0,0,0,0,0,0,0,0,0,0,0,0,0
0,0,0,0,0,0,255,31,0,0,0,0,0,0,0,250,23,0,0,0,0,0,0,0,0,0,0,0,0,0,0,0,0,0,0,0,0,0,0
0,0,0,0,0,0,0,0,0,0,0,0,250,18,0,0,0,0,250,45,0,0,0,0,0,0,0,0,0,0,0,0,0,0,0,0,0,0,0
0,0,0,255,112,0,0,0,0,0,0,0,0,0,0,0,0,0,0,0,0,0,0,0,255,197,0,0,0,0,0,0,0,0,0,0,0,0,0
0,0,0,255,98,0,0,0,0,0,0,0,0,0,0,0,0,0,252,23,0,0,0,0,0,0,0,0,0,0,0,0,0,0,0,0,0,0,0
0,0,0,0,0,0,0,0,0,0,0,0,0,0,0,0,0,0,0,0,0,255,117,0,0,0,0,0,0,0,255,103,0,0,0,0,0,0,0
255,180,0,255,55,0,0,0,0,0,0,0,0,0,0,85,7,0,0,0,0,0,0,0,0,0,0,0,0,0,0,0,0,0,0,0,255,66,0
0,0,0,0,0,0,255,92,0,0,0,0,0,0,0,0,0,0,100,9,0,0,0,0,0,0,0,0,0,0,0,0,0,255,95,0,0,0,0
0,0,0,0,0,0,0,0,0,255,164,0,0,0,0,0,0,0,0,0,0,255,41,0,0,0,0,0,0,0,0,0,0,0,0,0,250,125,0
0,0,0,0,0,0,0,0,0,0,0,0,255,174,0,255,91,0,0,0,0,0,0,0,0,0,0,0,0,0,0,0,0,0,0,0,0,0,0
