0,0,0,0,0,0,255,0,221,0,0,0,255,255,255,0,0,0,0,0,0,0,0,0,0,0,0,255,0,221,0,0,0,255,255,255,0,0,0,0,0,0,0,0,0,6,0,0,6,0,0,0,0,0,221,0,0,255,255,255,0,0,0,255,255,255,221,0,0,221,0,0,221,0,0,221,0,0,221,0,0,255,255,255,0,0,0,255,255,255,221,0,0,0
0,0,0,0,0,0,255,0,0,0,0,0,255,216,216,0,0,0,0,0,0,0,0,0,0,0,0,255,0,0,0,0,0,255,216,216,0,0,0,0,0,0,6,0,0,6,0,0,6,0,0,6,0,0,221,0,0,0,0,0,0,0,0,255,255,255,0,0,0,221,0,0,221,0,0,221,0,0,0,0,0,255,255,255,0,0,0,0,0,0,221,0,0,0
0,0,0,0,0,0,255,0,78,78,78,0,0,0,0,0,0,0,0,0,0,0,0,0,0,0,0,255,0,78,78,78,0,0,0,0,0,0,0,0,0,0,3,0,0,7,7,7,7,7,7,3,0,0,255,255,255,0,0,0,255,255,255,0,0,0,0,0,0,0,0,0,221,0,0,0,0,0,255,255,255,0,0,0,255,255,255,0,0,0,255,255,255,0
0,0,0,0,0,0,255,0,0,0,0,0,0,0,0,0,0,0,0,0,0,0,0,0,0,0,0,255,0,0,0,0,0,0,0,0,0,0,0,0,0,0,7,7,7,7,7,7,7,7,7,7,7,7,255,255,255,0,0,0,255,255,255,0,0,0,255,255,255,0,0,0,0,0,0,0,0,0,255,255,255,0,0,0,255,255,255,0,0,0,0,0,0,0
0,0,0,0,0,0,255,0,0,0,0,0,0,0,0,0,0,0,0,0,0,0,0,0,0,0,0,255,0,0,0,0,0,0,0,0,0,0,0,0,0,0,7,7,7,0,0,0,0,0,0,7,7,7,0,0,0,0,0,0,235,235,235,0,0,0,255,255,255,0,0,0,0,0,0,0,0,0,255,255,255,0,0,0,0,0,0,0,0,0,0,0,0,0
0,0,0,0,0,0,255,0,221,0,0,0,255,255,255,0,0,0,0,0,0,0,0,0,0,0,0,255,0,221,0,0,0,255,255,255,0,0,0,0,0,0,0,0,0,0,0,0,0,0,0,0,0,0,255,255,255,255,255,255,0,0,0,221,0,0,221,0,0,221,0,0,221,0,0,221,0,0,221,0,0,255,255,255,0,0,0,255,255,255,255,255,255,0
0,0,0,0,0,0,255,0,221,0,0,0,255,255,255,0,0,0,0,0,0,0,0,0,0,0,0,255,0,221,0,0,0,255,255,255,0,0,0,0,0,0,0,0,0,0,0,0,0,0,0,0,0,0,255,255,255,255,255,255,221,0,0,255,255,255,221,0,0,255,255,255,221,0,0,255,255,255,221,0,0,255,255,255,221,0,0,255,214,214,0,0,0,0
0,0,0,0,0,0,255,0,221,0,0,0,0,0,0,0,0,0,0,0,0,0,0,0,0,0,0,255,0,221,0,0,0,0,0,0,0,0,0,0,0,0,0,0,0,0,0,0,0,0,0,0,0,0,221,0,0,221,0,0,221,0,0,221,0,0,221,0,0,255,255,255,221,0,0,255,255,255,221,0,0,221,0,0,221,0,0,221,0,0,255,172,172,0
0,0,0,0,0,0,255,0,255,255,255,0,0,0,0,0,0,0,0,0,0,0,0,0,0,0,0,255,0,255,255,255,0,0,0,0,0,0,0,0,0,0,0,0,0,7,7,7,7,7,7,0,0,0,255,255,255,221,0,0,221,0,0,221,0,0,221,0,0,0,0,0,0,0,0,13,0,0,221,0,0,221,0,0,221,0,0,255,255,255,255,255,255,0
0,0,0,0,0,0,255,0,221,0,0,0,0,0,0,0,0,0,0,0,0,0,0,0,0,0,0,255,0,221,0,0,0,0,0,0,0,0,0,0,0,0,7,7,7,7,7,7,7,7,7,7,7,7,255,255,255,255,255,255,255,255,255,0,0,0,0,0,0,0,0,0,0,0,0,0,0,0,255,255,255,221,0,0,255,255,255,255,255,255,221,0,0,0
0,0,0,0,0,0,255,0,255,216,216,0,221,0,0,0,0,0,0,0,0,0,0,0,0,0,0,255,0,255,216,216,0,221,0,0,0,0,0,0,0,0,0,0,0,6,0,0,6,0,0,0,0,0,221,0,0,221,0,0,221,0,0,221,0,0,255,144,144,0,0,0,255,255,255,0,0,0,221,0,0,221,0,0,221,0,0,221,0,0,221,0,0,0
0,0,0,0,0,0,255,0,255,255,255,0,221,0,0,0,0,0,0,0,0,0,0,0,0,0,0,255,0,255,255,255,0,221,0,0,0,0,0,0,0,0,6,0,0,6,0,0,6,0,0,6,0,0,221,0,0,255,255,255,221,0,0,221,0,0,221,0,0,221,0,0,221,0,0,221,0,0,221,0,0,221,0,0,255,255,255,255,255,255,221,0,0,0
0,0,0,0,0,0,255,0,0,0,0,0,255,255,255,0,0,0,0,0,0,0,0,0,0,0,0,255,0,0,0,0,0,255,255,255,0,0,0,0,0,0,7,7,7,6,0,0,6,0,0,7,7,7,0,0,0,255,255,255,255,255,255,255,255,255,221,0,0,221,0,0,221,0,0,255,255,255,221,0,0,255,255,255,255,255,255,0,0,0,0,0,0,0
0,0,0,0,0,0,255,0,255,255,255,0,221,0,0,0,0,0,0,0,0,0,0,0,0,0,0,255,0,255,255,255,0,221,0,0,0,0,0,0,0,0,6,0,0,6,0,0,6,0,0,6,0,0,0,0,0,0,0,0,0,0,0,255,255,255,221,0,0,255,255,255,221,0,0,255,255,255,221,0,0,0,0,0,0,0,0,0,0,0,0,0,0,0
0,0,0,0,0,0,255,0,255,255,255,0,221,0,0,0,0,0,0,0,0,0,0,0,0,0,0,255,0,255,255,255,0,221,0,0,0,0,0,0,0,0,6,0,0,6,0,0,6,0,0,6,0,0,0,0,0,0,0,0,0,0,0,0,0,0,221,0,0,255,95,95,221,0,0,221,0,0,0,0,0,0,0,0,0,0,0,0,0,0,0,0,0,0
0,0,0,0,0,0,255,0,0,0,0,0,255,255,255,0,0,0,0,0,0,0,0,0,0,0,0,255,0,0,0,0,0,255,255,255,0,0,0,0,0,0,7,7,7,7,6,6,7,6,6,7,7,7,221,0,0,221,0,0,255,255,255,255,255,255,255,255,255,0,0,0,255,255,255,0,0,0,255,255,255,255,255,255,0,0,0,221,0,0,221,0,0,0
0,0,0,0,0,0,255,0,0,0,0,0,221,0,0,0,0,0,0,0,0,0,0,0,0,0,0,255,0,0,0,0,0,221,0,0,0,0,0,0,0,0,6,0,0,6,0,0,6,0,0,6,0,0,221,0,0,221,0,0,221,0,0,255,127,127,255,255,255,0,0,0,255,255,255,0,0,0,255,69,69,221,0,0,221,0,0,221,0,0,221,0,0,0
0,0,0,0,0,0,255,0,221,0,0,0,255,255,255,0,0,0,0,0,0,0,0,0,0,0,0,255,0,221,0,0,0,255,255,255,0,0,0,0,0,0,6,0,0,7,7,7,7,7,7,6,0,0,0,0,0,221,0,0,221,0,0,221,0,0,0,0,0,0,0,0,0,0,0,0,0,0,221,0,0,255,255,255,221,0,0,223,0,0,0,0,0,0
0,0,0,0,0,0,255,0,221,0,0,0,255,255,255,0,0,0,0,0,0,0,0,0,0,0,0,255,0,221,0,0,0,255,255,255,0,0,0,0,0,0,6,0,0,7,7,7,7,7,7,6,0,0,0,0,0,221,0,0,221,0,0,255,255,255,221,0,0,0,0,0,0,0,0,0,0,0,255,255,255,255,255,255,221,0,0,221,0,0,0,0,0,0
0,0,0,0,0,0,255,0,221,0,0,0,0,0,0,0,0,0,0,0,0,0,0,0,0,0,0,255,0,221,0,0,0,0,0,0,0,0,0,0,0,0,0,0,0,6,0,0,6,0,0,0,0,0,0,0,0,221,0,0,221,0,0,221,0,0,255,255,255,255,255,255,0,0,0,255,255,255,255,25,25,221,0,0,221,0,0,221,0,0,0,0,0,0
0,0,0,0,0,0,255,0,221,0,0,0,0,0,0,0,0,0,0,0,0,0,0,0,0,0,0,255,0,221,0,0,0,0,0,0,0,0,0,0,0,0,0,0,0,7,7,7,7,7,7,0,0,0,221,0,0,221,0,0,0,0,0,221,0,0,221,0,0,221,0,0,221,0,0,221,0,0,255,255,255,221,0,0,0,0,0,221,0,0,221,0,0,0
0,0,0,0,0,0,255,0,221,0,0,0,0,0,0,0,0,0,0,0,0,0,0,0,0,0,0,255,0,221,0,0,0,0,0,0,0,0,0,0,0,0,0,0,0,6,0,0,6,0,0,0,0,0,221,0,0,0,0,0,0,0,0,0,0,0,255,255,255,221,0,0,221,0,0,255,255,255,255,255,255,0,0,0,0,0,0,221,0,0,221,0,0,0
0,0,0,0,0,0,255,0,0,0,0,0,221,0,0,0,0,0,0,0,0,0,0,0,0,0,0,255,0,0,0,0,0,221,0,0,0,0,0,0,0,0,6,0,0,6,0,0,6,0,0,6,0,0,0,0,0,0,0,0,0,0,0,0,0,0,0,0,0,221,0,0,221,0,0,221,0,0,0,0,0,0,0,0,0,0,0,0,0,0,221,0,0,0
0,0,0,0,0,0,255,0,0,0,0,0,221,0,0,0,0,0,0,0,0,0,0,0,0,0,0,255,0,0,0,0,0,221,0,0,0,0,0,0,0,0,6,0,0,6,0,0,6,0,0,6,0,0,0,0,0,0,0,0,0,0,0,0,0,0,0,0,0,0,0,0,221,0,0,255,255,255,0,0,0,0,0,0,0,0,0,0,0,0,0,0,0,0
0,0,0,0,0,0,255,0,0,0,0,0,0,0,0,0,0,0,0,0,0,0,0,0,0,0,0,255,0,0,0,0,0,0,0,0,0,0,0,0,0,0,0,0,0,0,0,0,0,0,0,0,0,0,0,0,0,0,0,0,0,0,0,0,0,0,0,0,0,255,255,255,255,255,255,255,255,255,0,0,0,0,0,0,0,0,0,0,0,0,0,0,0,0
0,0,0,0,0,0,255,0,0,0,0,0,0,0,0,0,0,0,0,0,0,0,0,0,0,0,0,255,0,0,0,0,0,0,0,0,0,0,0,0,0,0,0,0,0,0,0,0,0,0,0,0,0,0,0,0,0,0,0,0,0,0,0,0,0,0,0,0,0,0,0,0,0,0,0,0,0,0,0,0,0,0,0,0,0,0,0,0,0,0,0,0,0,0
0,0,0,0,0,0,255,0,0,0,0,0,0,0,0,0,0,0,0,0,0,0,0,0,0,0,0,255,0,0,0,0,0,0,0,0,0,0,0,0,0,0,0,0,0,0,0,0,0,0,0,0,0,0,0,0,0,0,0,0,0,0,0,0,0,0,0,0,0,0,0,0,221,0,0,0,0,0,0,0,0,0,0,0,0,0,0,0,0,0,0,0,0,0
0,0,0,0,0,0,255,0,221,0,0,0,0,0,0,0,0,0,0,0,0,0,0,0,0,0,0,255,0,221,0,0,0,0,0,0,0,0,0,0,0,0,0,0,0,0,0,0,0,0,0,0,0,0,255,255,255,0,0,0,0,0,0,221,0,0,221,0,0,221,0,0,255,255,255,221,0,0,221,0,0,39,0,0,0,0,0,0,0,0,255,255,255,0
0,0,0,0,0,0,255,0,221,0,0,0,0,0,0,0,0,0,0,0,0,0,0,0,0,0,0,255,0,221,0,0,0,0,0,0,0,0,0,0,0,0,0,0,0,0,0,0,0,0,0,0,0,0,221,0,0,221,0,0,221,0,0,221,0,0,221,0,0,221,0,0,221,0,0,221,0,0,221,0,0,221,0,0,221,0,0,221,0,0,221,0,0,0
0,0,0,0,0,0,255,0,221,0,0,0,0,0,0,0,0,0,0,0,0,0,0,0,0,0,0,255,0,221,0,0,0,0,0,0,0,0,0,0,0,0,0,0,0,6,0,0,6,0,0,0,0,0,221,0,0,255,255,255,221,0,0,221,0,0,221,0,0,0,0,0,0,0,0,0,0,0,221,0,0,221,0,0,221,0,0,255,255,255,221,0,0,0
0,0,0,0,0,0,255,0,221,0,0,0,221,0,0,0,0,0,0,0,0,0,0,0,0,0,0,255,0,221,0,0,0,221,0,0,0,0,0,0,0,0,0,0,0,6,0,0,6,0,0,0,0,0,221,0,0,255,255,255,0,0,0,0,0,0,0,0,0,0,0,0,0,0,0,0,0,0,0,0,0,0,0,0,0,0,0,255,145,145,221,0,0,0
0,0,0,0,0,0,255,0,221,0,0,0,221,0,0,0,0,0,0,0,0,0,0,0,0,0,0,255,0,221,0,0,0,221,0,0,0,0,0,0,0,0,0,0,0,6,0,0,6,0,0,0,0,0,221,0,0,221,0,0,221,0,0,221,0,0,0,0,0,0,0,0,0,0,0,0,0,0,39,0,0,221,0,0,221,0,0,221,0,0,221,0,0,0
0,0,0,0,0,0,255,0,255,255,255,0,221,0,0,0,0,0,0,0,0,0,0,0,0,0,0,255,0,255,255,255,0,221,0,0,0,0,0,0,0,0,6,0,0,6,0,0,6,0,0,6,0,0,221,0,0,221,0,0,221,0,0,221,0,0,221,0,0,221,0,0,221,0,0,221,0,0,221,0,0,221,0,0,221,0,0,221,0,0,255,255,255,0
0,0,0,0,0,0,255,0,0,0,0,0,221,0,0,0,0,0,0,0,0,0,0,0,0,0,0,255,0,0,0,0,0,221,0,0,0,0,0,0,0,0,6,0,0,6,0,0,6,0,0,6,0,0,0,0,0,0,0,0,0,0,0,0,0,0,221,0,0,221,0,0,221,0,0,221,0,0,0,0,0,0,0,0,0,0,0,0,0,0,0,0,0,0
0,0,0,0,0,0,255,0,0,0,0,0,255,255,255,0,0,0,0,0,0,0,0,0,0,0,0,255,0,0,0,0,0,255,255,255,0,0,0,0,0,0,6,0,0,6,0,0,6,0,0,6,0,0,221,0,0,255,255,255,221,0,0,255,255,255,221,0,0,0,0,0,0,0,0,0,0,0,221,0,0,255,255,255,221,0,0,221,0,0,221,0,0,0
0,0,0,0,0,0,255,0,255,255,255,0,221,0,0,0,0,0,0,0,0,0,0,0,0,0,0,255,0,255,255,255,0,221,0,0,0,0,0,0,0,0,6,0,0,6,0,0,6,0,0,6,0,0,221,0,0,221,0,0,221,0,0,255,10,10,0,0,0,0,0,0,0,0,0,0,0,0,221,0,0,221,0,0,221,0,0,221,0,0,221,0,0,0
0,0,0,0,0,0,255,0,255,255,255,0,221,0,0,0,0,0,0,0,0,0,0,0,0,0,0,255,0,255,255,255,0,221,0,0,0,0,0,0,0,0,6,0,0,7,7,7,7,7,7,6,0,0,255,255,255,221,0,0,221,0,0,221,0,0,221,0,0,0,0,0,0,0,0,0,0,0,221,0,0,221,0,0,255,255,255,221,0,0,255,255,255,0
0,0,0,0,0,0,255,0,221,0,0,0,221,0,0,0,0,0,0,0,0,0,0,0,0,0,0,255,0,221,0,0,0,221,0,0,0,0,0,0,0,0,7,7,7,6,2,2,6,2,2,7,7,7,255,255,255,221,0,0,255,255,255,221,0,0,255,255,255,221,0,0,0,0,0,221,0,0,255,255,255,221,0,0,255,235,235,221,0,0,0,0,0,0
0,0,0,0,0,0,255,0,221,0,0,0,0,0,0,0,0,0,0,0,0,0,0,0,0,0,0,255,0,221,0,0,0,0,0,0,0,0,0,0,0,0,0,0,0,0,0,0,0,0,0,0,0,0,221,0,0,221,0,0,0,0,0,221,0,0,221,0,0,221,0,0,221,0,0,221,0,0,223,0,0,221,0,0,0,0,0,221,0,0,255,255,255,0
0,0,0,0,0,0,255,0,221,0,0,0,255,255,255,0,0,0,0,0,0,0,0,0,0,0,0,255,0,221,0,0,0,255,255,255,0,0,0,0,0,0,0,0,0,6,0,0,6,0,0,0,0,0,255,255,255,255,255,255,0,0,0,255,255,255,221,0,0,221,0,0,221,0,0,255,255,255,221,0,0,255,255,255,0,0,0,255,255,255,221,0,0,0
