0,0,0,0,0,0,255,0,0,0,0,0,0,247,0,0,0,0,0,0,0,0,0,0,0,0,0,255,0,0,247,0,0,0,0,0,0,0,0,0,0,0,0,0,0,255,255,255,255,255,255,0,0,0,0,247,0,255,255,255,0,0,0,0,0,0,0,0,0,255,255,255,0,247,0,255,255,255,0,0,0,0,0,0,0,0,0,255,255,255,0,0,0,0
0,0,0,0,0,0,255,0,0,0,0,0,255,255,255,0,0,0,0,0,0,0,0,0,0,0,0,255,0,255,255,255,0,0,0,0,0,0,0,0,0,0,255,255,255,0,120,0,0,120,0,255,255,255,0,0,0,0,0,0,0,0,0,0,0,0,0,0,0,0,0,0,0,0,0,0,0,0,0,0,0,0,0,0,0,0,0,0,0,0,0,168,0,0
0,0,0,0,0,0,255,0,0,0,0,0,0,247,0,0,0,0,0,0,0,0,0,0,0,0,0,255,0,0,247,0,0,0,0,0,0,0,0,0,0,0,0,0,0,0,0,0,0,0,0,0,0,0,0,0,0,0,0,0,0,0,0,0,0,0,255,255,255,0,247,0,0,0,0,0,247,0,0,0,0,0,0,0,255,255,255,0,0,0,0,0,0,0
0,0,0,0,0,0,255,0,255,255,255,0,0,0,0,0,0,0,0,0,0,0,0,0,0,0,0,255,0,0,0,0,0,255,255,255,0,0,0,0,0,0,0,0,0,255,255,255,255,255,255,0,0,0,0,0,0,0,0,0,255,255,255,0,0,0,0,0,0,0,0,0,0,0,0,0,0,0,4,4,4,0,0,0,203,203,203,0,0,0,0,0,0,0
0,0,0,0,0,0,255,0,0,0,0,0,0,0,0,0,0,0,0,0,0,0,0,0,0,0,0,255,0,0,0,0,0,0,0,0,0,0,0,0,0,0,0,247,0,0,0,0,0,0,0,0,247,0,0,0,0,0,0,0,5,5,5,0,0,0,0,1,0,0,0,0,0,0,0,0,0,0,0,0,0,0,0,0,0,0,0,0,0,0,0,0,0,0
0,0,0,0,0,0,255,0,0,0,0,0,0,0,0,0,0,0,0,0,0,0,0,0,0,0,0,255,0,0,0,0,0,0,0,0,0,0,0,0,0,0,0,0,0,0,0,0,0,0,0,0,0,0,0,247,0,0,0,0,0,0,0,255,255,255,0,247,0,0,0,0,0,0,0,0,0,0,0,247,0,255,255,255,0,0,0,0,0,0,0,247,0,0
0,0,0,0,0,0,255,0,0,0,0,0,0,0,0,0,0,0,0,0,0,0,0,0,0,0,0,255,0,0,0,0,0,0,0,0,0,0,0,0,0,0,0,0,0,0,0,0,0,0,0,0,0,0,0,0,0,0,0,0,0,0,0,0,0,0,0,0,0,0,0,0,0,0,0,0,0,0,0,0,0,0,0,0,0,0,0,0,247,0,0,0,0,0
0,0,0,0,0,0,255,0,0,247,0,0,0,0,0,0,0,0,0,0,0,0,0,0,0,0,0,255,0,0,0,0,0,0,247,0,0,0,0,0,0,0,0,0,0,0,0,0,0,0,0,0,0,0,0,0,0,0,0,0,0,132,0,0,0,0,17,17,17,0,0,0,0,0,0,0,0,0,0,0,0,0,0,0,0,247,0,0,0,0,0,0,0,0
0,0,0,0,0,0,255,0,0,0,0,0,123,123,123,0,0,0,0,0,0,0,0,0,0,0,0,255,0,123,123,123,0,0,0,0,0,0,0,0,0,0,0,176,0,0,0,0,0,0,0,0,176,0,0,0,0,255,255,255,0,0,0,0,0,0,0,0,0,255,255,255,0,0,0,255,255,255,0,0,0,0,0,0,0,132,0,0,0,0,0,0,0,0
0,0,0,0,0,0,255,0,0,0,0,0,0,247,0,0,0,0,0,0,0,0,0,0,0,0,0,255,0,0,247,0,0,0,0,0,0,0,0,0,0,0,0,247,0,0,247,0,0,247,0,0,247,0,0,0,0,255,255,255,0,0,0,0,0,0,255,255,255,255,255,255,0,247,0,255,255,255,255,255,255,0,247,0,0,0,0,255,255,255,0,0,0,0
0,0,0,0,0,0,255,0,0,247,0,0,0,247,0,0,0,0,0,0,0,0,0,0,0,0,0,255,0,0,247,0,0,0,247,0,0,0,0,0,0,0,255,255,255,0,0,0,0,0,0,255,255,255,0,0,0,0,247,0,0,0,0,255,255,255,255,255,255,0,0,0,0,0,0,0,0,0,255,255,255,255,255,255,0,0,0,0,172,0,0,0,0,0
0,0,0,0,0,0,255,0,0,247,0,0,0,0,0,0,0,0,0,0,0,0,0,0,0,0,0,255,0,0,0,0,0,0,247,0,0,0,0,0,0,0,255,255,255,0,247,0,0,247,0,255,255,255,255,255,255,0,0,0,255,255,255,0,0,0,0,0,0,0,247,0,255,255,255,0,0,0,0,247,0,0,0,0,255,255,255,0,0,0,255,255,255,0
0,0,0,0,0,0,255,0,0,0,0,0,0,0,0,0,0,0,0,0,0,0,0,0,0,0,0,255,0,0,0,0,0,0,0,0,0,0,0,0,0,0,0,0,0,0,0,0,0,0,0,0,0,0,0,247,0,255,255,255,0,0,0,0,0,0,0,247,0,0,247,0,0,0,0,0,247,0,0,0,0,0,0,0,0,0,0,255,255,255,0,0,0,0
0,0,0,0,0,0,255,0,0,0,0,0,8,8,8,0,0,0,0,0,0,0,0,0,0,0,0,255,0,8,8,8,0,0,0,0,0,0,0,0,0,0,0,0,0,0,75,0,0,75,0,0,0,0,0,0,0,0,0,0,0,247,0,0,0,0,0,247,0,255,255,255,0,0,0,255,255,255,0,247,0,0,0,0,0,247,0,0,0,0,0,0,0,0
0,0,0,0,0,0,255,0,255,255,255,0,255,255,255,0,0,0,0,0,0,0,0,0,0,0,0,255,0,255,255,255,0,255,255,255,0,0,0,0,0,0,0,0,0,0,0,0,0,0,0,0,0,0,0,247,0,0,247,0,0,247,0,0,247,0,0,247,0,0,247,0,0,0,0,255,255,255,0,247,0,0,247,0,0,247,0,255,255,255,0,247,0,0
0,0,0,0,0,0,255,0,255,255,255,0,0,247,0,0,0,0,0,0,0,0,0,0,0,0,0,255,0,0,247,0,0,255,255,255,0,0,0,0,0,0,0,0,0,0,0,0,0,0,0,0,0,0,0,43,0,255,255,255,0,247,0,0,247,0,0,247,0,0,247,0,0,247,0,0,247,0,0,247,0,0,247,0,0,247,0,255,255,255,0,0,0,0
0,0,0,0,0,0,255,0,0,247,0,0,0,0,0,0,0,0,0,0,0,0,0,0,0,0,0,255,0,0,0,0,0,0,247,0,0,0,0,0,0,0,0,0,0,0,247,0,0,247,0,0,0,0,0,0,0,0,0,0,0,247,0,0,247,0,0,247,0,0,0,0,0,247,0,0,0,0,0,247,0,0,247,0,0,247,0,0,0,0,0,0,0,0
0,0,0,0,0,0,255,0,0,0,0,0,0,247,0,0,0,0,0,0,0,0,0,0,0,0,0,255,0,0,247,0,0,0,0,0,0,0,0,0,0,0,0,0,0,255,255,255,255,255,255,0,0,0,0,0,0,0,19,0,0,0,0,0,0,0,255,255,255,0,0,0,255,255,255,0,247,0,0,0,0,0,0,0,0,0,0,0,0,0,0,0,0,0
0,0,0,0,0,0,255,0,0,0,0,0,0,0,0,0,0,0,0,0,0,0,0,0,0,0,0,255,0,0,0,0,0,0,0,0,0,0,0,0,0,0,0,247,0,0,0,0,0,0,0,0,247,0,0,0,0,0,0,0,0,247,0,0,0,0,0,0,0,0,0,0,0,0,0,0,0,0,255,255,255,0,0,0,255,255,255,0,247,0,0,0,0,0
0,0,0,0,0,0,255,0,0,247,0,0,0,0,0,0,0,0,0,0,0,0,0,0,0,0,0,255,0,0,0,0,0,0,247,0,0,0,0,0,0,0,0,0,0,0,0,0,0,0,0,0,0,0,0,247,0,0,0,0,255,255,255,0,0,0,0,0,0,0,0,0,0,247,0,0,0,0,0,0,0,0,0,0,0,0,0,0,0,0,0,247,0,0
0,0,0,0,0,0,255,0,0,247,0,0,255,255,255,0,0,0,0,0,0,0,0,0,0,0,0,255,0,255,255,255,0,0,247,0,0,0,0,0,0,0,0,0,0,0,0,0,0,0,0,0,0,0,0,0,0,0,0,0,0,0,0,0,0,0,0,0,0,0,0,0,0,0,0,0,0,0,0,0,0,0,0,0,0,0,0,0,0,0,0,247,0,0
0,0,0,0,0,0,255,0,0,0,0,0,0,0,0,0,0,0,0,0,0,0,0,0,0,0,0,255,0,0,0,0,0,0,0,0,0,0,0,0,0,0,0,247,0,0,0,0,0,0,0,0,247,0,0,0,0,0,0,0,0,0,0,50,50,50,0,0,0,0,0,0,0,0,0,0,0,0,0,0,0,0,0,0,0,0,0,0,247,0,0,0,0,0
0,0,0,0,0,0,255,0,0,0,0,0,0,0,0,0,0,0,0,0,0,0,0,0,0,0,0,255,0,0,0,0,0,0,0,0,0,0,0,0,0,0,0,0,0,0,247,0,0,247,0,0,0,0,0,247,0,0,0,0,0,0,0,0,0,0,0,0,0,0,0,0,0,247,0,0,0,0,0,0,0,255,255,255,0,0,0,0,0,0,0,0,0,0
0,0,0,0,0,0,255,0,0,0,0,0,0,0,0,0,0,0,0,0,0,0,0,0,0,0,0,255,0,0,0,0,0,0,0,0,0,0,0,0,0,0,1,1,1,0,0,0,0,0,0,1,1,1,0,0,0,0,0,0,0,0,0,0,0,0,0,0,0,0,0,0,0,0,0,0,0,0,0,0,0,0,0,0,0,0,0,0,0,0,0,0,0,0
0,0,0,0,0,0,255,0,0,0,0,0,0,0,0,0,0,0,0,0,0,0,0,0,0,0,0,255,0,0,0,0,0,0,0,0,0,0,0,0,0,0,0,7,0,0,0,0,0,0,0,0,7,0,0,0,0,0,0,0,255,255,255,0,0,0,0,0,0,0,247,0,0,0,0,0,247,0,0,0,0,0,0,0,0,0,0,0,0,0,0,0,0,0
0,0,0,0,0,0,255,0,0,0,0,0,0,0,0,0,0,0,0,0,0,0,0,0,0,0,0,255,0,0,0,0,0,0,0,0,0,0,0,0,0,0,0,0,0,0,0,0,0,0,0,0,0,0,0,247,0,0,0,0,0,0,0,0,0,0,0,0,0,0,0,0,0,0,0,0,247,0,255,255,255,0,0,0,255,255,255,0,0,0,0,247,0,0
0,0,0,0,0,0,255,0,255,255,255,0,0,0,0,0,0,0,0,0,0,0,0,0,0,0,0,255,0,0,0,0,0,255,255,255,0,0,0,0,0,0,22,22,22,0,0,0,0,0,0,22,22,22,0,0,0,0,0,0,0,0,0,0,0,0,0,0,0,0,0,0,0,0,0,0,0,0,0,0,0,0,0,0,0,0,0,0,247,0,0,0,0,0
0,0,0,0,0,0,255,0,0,0,0,0,0,0,0,0,0,0,0,0,0,0,0,0,0,0,0,255,0,0,0,0,0,0,0,0,0,0,0,0,0,0,0,120,0,0,0,0,0,0,0,0,120,0,0,247,0,0,0,0,0,247,0,0,0,0,0,0,0,0,0,0,0,0,0,87,87,87,0,0,0,0,247,0,0,247,0,255,255,255,0,247,0,0
0,0,0,0,0,0,255,0,0,247,0,0,0,247,0,0,0,0,0,0,0,0,0,0,0,0,0,255,0,0,247,0,0,0,247,0,0,0,0,0,0,0,0,0,0,0,0,0,0,0,0,0,0,0,0,0,0,0,247,0,0,0,0,0,247,0,0,247,0,0,0,0,0,0,0,0,0,0,0,0,0,0,247,0,0,0,0,0,0,0,0,0,0,0
0,0,0,0,0,0,255,0,0,0,0,0,0,247,0,0,0,0,0,0,0,0,0,0,0,0,0,255,0,0,247,0,0,0,0,0,0,0,0,0,0,0,0,247,0,0,0,0,0,0,0,0,247,0,255,255,255,0,0,0,0,0,0,0,0,0,0,0,0,0,0,0,0,0,0,0,0,0,0,0,0,0,0,0,0,0,0,0,0,0,255,255,255,0
0,0,0,0,0,0,255,0,0,0,0,0,0,247,0,0,0,0,0,0,0,0,0,0,0,0,0,255,0,0,247,0,0,0,0,0,0,0,0,0,0,0,0,0,0,0,247,0,0,247,0,0,0,0,0,0,0,0,0,0,0,0,0,0,0,0,0,0,0,0,0,0,0,0,0,0,0,0,0,0,0,0,0,0,0,0,0,0,247,0,109,109,109,0
0,0,0,0,0,0,255,0,0,247,0,0,0,247,0,0,0,0,0,0,0,0,0,0,0,0,0,255,0,0,247,0,0,0,247,0,0,0,0,0,0,0,0,0,0,0,0,0,0,0,0,0,0,0,255,255,255,0,247,0,0,0,0,0,0,0,0,0,0,0,0,0,255,255,255,0,0,0,0,0,0,0,0,0,0,0,0,0,247,0,255,255,255,0
0,0,0,0,0,0,255,0,255,255,255,0,0,0,0,0,0,0,0,0,0,0,0,0,0,0,0,255,0,0,0,0,0,255,255,255,0,0,0,0,0,0,255,255,255,0,247,0,0,247,0,255,255,255,0,0,0,0,0,0,0,0,0,0,247,0,0,0,0,0,247,0,0,0,0,0,247,0,0,0,0,0,0,0,0,0,0,255,255,255,0,0,0,0
0,0,0,0,0,0,255,0,0,0,0,0,0,0,0,0,0,0,0,0,0,0,0,0,0,0,0,255,0,0,0,0,0,0,0,0,0,0,0,0,0,0,0,247,0,255,255,255,255,255,255,0,247,0,0,0,0,255,255,255,0,247,0,0,0,0,0,0,0,255,255,255,0,0,0,255,255,255,0,0,0,0,0,0,0,247,0,255,255,255,0,0,0,0
0,0,0,0,0,0,255,0,0,0,0,0,255,255,255,0,0,0,0,0,0,0,0,0,0,0,0,255,0,255,255,255,0,0,0,0,0,0,0,0,0,0,0,0,0,0,0,0,0,0,0,0,0,0,0,0,0,0,0,0,0,247,0,0,0,0,0,247,0,0,0,0,0,247,0,15,15,15,0,247,0,0,0,0,0,0,0,0,0,0,0,0,0,0
0,0,0,0,0,0,255,0,0,0,0,0,255,255,255,0,0,0,0,0,0,0,0,0,0,0,0,255,0,255,255,255,0,0,0,0,0,0,0,0,0,0,255,255,255,0,0,0,0,0,0,255,255,255,0,0,0,0,0,0,0,0,0,0,0,0,0,247,0,0,0,0,0,0,0,0,0,0,0,0,0,0,0,0,0,0,0,0,0,0,0,0,0,0
0,0,0,0,0,0,255,0,0,0,0,0,0,247,0,0,0,0,0,0,0,0,0,0,0,0,0,255,0,0,247,0,0,0,0,0,0,0,0,0,0,0,0,0,0,0,0,0,0,0,0,0,0,0,0,0,0,0,0,0,0,0,0,0,247,0,255,255,255,0,0,0,0,0,0,0,0,0,0,0,0,0,247,0,255,255,255,0,0,0,0,0,0,0
0,0,0,0,0,0,255,0,255,255,255,0,0,0,0,0,0,0,0,0,0,0,0,0,0,0,0,255,0,0,0,0,0,255,255,255,0,0,0,0,0,0,0,247,0,255,255,255,255,255,255,0,247,0,0,0,0,0,0,0,255,255,255,0,247,0,0,0,0,0,247,0,0,0,0,0,247,0,255,255,255,0,247,0,255,255,255,0,0,0,0,0,0,0
0,0,0,0,0,0,255,0,0,0,0,0,0,0,0,0,0,0,0,0,0,0,0,0,0,0,0,255,0,0,0,0,0,0,0,0,0,0,0,0,0,0,0,247,0,0,0,0,0,0,0,0,247,0,0,0,0,0,0,0,0,0,0,0,0,0,0,247,0,0,0,0,0,0,0,0,0,0,0,247,0,0,0,0,0,0,0,0,0,0,0,0,0,0
0,0,0,0,0,0,255,0,0,0,0,0,0,247,0,0,0,0,0,0,0,0,0,0,0,0,0,255,0,0,247,0,0,0,0,0,0,0,0,0,0,0,0,0,0,0,0,0,0,0,0,0,0,0,0,0,0,0,0,0,0,0,0,255,255,255,0,247,0,0,0,0,0,247,0,0,0,0,0,0,0,255,255,255,0,0,0,0,0,0,0,0,0,0
0,0,0,0,0,0,255,0,8,8,8,0,0,0,0,0,0,0,0,0,0,0,0,0,0,0,0,255,0,0,0,0,0,8,8,8,0,0,0,0,0,0,0,0,0,0,0,0,0,0,0,0,0,0,0,0,0,0,0,0,0,0,0,0,0,0,0,0,0,0,247,0,0,0,0,0,247,0,0,0,0,255,255,255,0,0,0,0,0,0,0,247,0,0
0,0,0,0,0,0,255,0,0,0,0,0,0,0,0,0,0,0,0,0,0,0,0,0,0,0,0,255,0,0,0,0,0,0,0,0,0,0,0,0,0,0,0,0,0,0,247,0,0,247,0,0,0,0,0,0,0,0,0,0,0,0,0,0,0,0,17,17,17,0,0,0,0,0,0,0,0,0,0,0,0,0,0,0,0,0,0,0,0,0,0,0,0,0
0,0,0,0,0,0,255,0,0,0,0,0,255,255,255,0,0,0,0,0,0,0,0,0,0,0,0,255,0,255,255,255,0,0,0,0,0,0,0,0,0,0,0,0,0,0,0,0,0,0,0,0,0,0,0,0,0,0,0,0,0,0,0,0,0,0,0,0,0,0,0,0,255,255,255,0,0,0,0,0,0,0,0,0,0,0,0,0,247,0,0,247,0,0
0,0,0,0,0,0,255,0,0,0,0,0,0,0,0,0,0,0,0,0,0,0,0,0,0,0,0,255,0,0,0,0,0,0,0,0,0,0,0,0,0,0,0,0,0,0,0,0,0,0,0,0,0,0,0,0,0,0,0,0,0,0,0,0,0,0,255,255,255,255,255,255,0,0,0,3,3,3,255,255,255,0,0,0,0,0,0,255,255,255,0,0,0,0
0,0,0,0,0,0,255,0,0,0,0,0,0,0,0,0,0,0,0,0,0,0,0,0,0,0,0,255,0,0,0,0,0,0,0,0,0,0,0,0,0,0,255,255,255,0,0,0,0,0,0,255,255,255,0,0,0,0,0,0,0,0,0,255,255,255,255,255,255,0,0,0,0,0,0,0,0,0,255,255,255,255,255,255,0,0,0,0,0,0,0,0,0,0
0,0,0,0,0,0,255,0,0,247,0,0,0,0,0,0,0,0,0,0,0,0,0,0,0,0,0,255,0,0,0,0,0,0,247,0,0,0,0,0,0,0,255,255,255,0,0,0,0,0,0,255,255,255,255,255,255,0,247,0,255,255,255,0,0,0,0,0,0,0,0,0,255,255,255,0,0,0,0,0,0,0,0,0,255,255,255,0,247,0,255,255,255,0
0,0,0,0,0,0,255,0,0,0,0,0,0,0,0,0,0,0,0,0,0,0,0,0,0,0,0,255,0,0,0,0,0,0,0,0,0,0,0,0,0,0,0,0,0,0,0,0,0,0,0,0,0,0,255,255,255,0,0,0,0,0,0,0,0,0,0,0,0,0,0,0,0,0,0,0,0,0,0,0,0,0,0,0,0,0,0,255,255,255,255,255,255,0
0,0,0,0,0,0,255,0,0,0,0,0,255,255,255,0,0,0,0,0,0,0,0,0,0,0,0,255,0,255,255,255,0,0,0,0,0,0,0,0,0,0,0,0,0,0,0,0,0,0,0,0,0,0,0,0,0,0,0,0,0,247,0,0,0,0,0,0,0,255,255,255,0,0,0,162,162,162,0,0,0,0,0,0,0,0,0,0,0,0,0,0,0,0
0,0,0,0,0,0,255,0,8,250,8,0,0,0,0,0,0,0,0,0,0,0,0,0,0,0,0,255,0,0,0,0,0,8,250,8,0,0,0,0,0,0,0,0,0,0,0,0,0,0,0,0,0,0,0,0,0,178,255,178,0,0,0,0,247,0,0,247,0,0,0,0,0,0,0,0,0,0,0,247,0,0,247,0,0,0,0,0,247,0,0,0,0,0
0,0,0,0,0,0,255,0,0,247,0,0,0,247,0,0,0,0,0,0,0,0,0,0,0,0,0,255,0,0,247,0,0,0,247,0,0,0,0,0,0,0,0,0,0,45,45,45,45,45,45,0,0,0,0,0,0,0,0,0,0,0,0,0,0,0,0,0,0,0,0,0,0,0,0,0,0,0,0,0,0,0,0,0,0,0,0,0,0,0,0,247,0,0
0,0,0,0,0,0,255,0,0,0,0,0,0,0,0,0,0,0,0,0,0,0,0,0,0,0,0,255,0,0,0,0,0,0,0,0,0,0,0,0,0,0,0,247,0,255,255,255,255,255,255,0,247,0,0,247,0,0,0,0,0,0,0,0,0,0,255,255,255,0,0,0,255,255,255,0,0,0,0,0,0,0,0,0,0,0,0,0,0,0,0,247,0,0
0,0,0,0,0,0,255,0,0,0,0,0,0,247,0,0,0,0,0,0,0,0,0,0,0,0,0,255,0,0,247,0,0,0,0,0,0,0,0,0,0,0,0,0,0,0,247,0,0,247,0,0,0,0,0,0,0,0,0,0,255,255,255,0,0,0,0,247,0,0,0,0,0,0,0,0,0,0,0,0,0,0,0,0,255,255,255,0,247,0,0,0,0,0
0,0,0,0,0,0,255,0,0,247,0,0,216,255,216,0,0,0,0,0,0,0,0,0,0,0,0,255,0,216,255,216,0,0,247,0,0,0,0,0,0,0,0,0,0,0,0,0,0,0,0,0,0,0,0,0,0,0,247,0,0,0,0,0,0,0,0,0,0,0,0,0,0,0,0,0,0,0,0,0,0,0,0,0,0,0,0,0,247,0,0,0,0,0
0,0,0,0,0,0,255,0,0,247,0,0,78,78,78,0,0,0,0,0,0,0,0,0,0,0,0,255,0,78,78,78,0,0,247,0,0,0,0,0,0,0,0,0,0,0,0,0,0,0,0,0,0,0,0,0,0,0,247,0,0,0,0,0,247,0,0,0,0,0,247,0,0,247,0,0,247,0,0,0,0,0,247,0,0,0,0,0,0,0,0,0,0,0
0,0,0,0,0,0,255,0,0,0,0,0,0,0,0,0,0,0,0,0,0,0,0,0,0,0,0,255,0,0,0,0,0,0,0,0,0,0,0,0,0,0,0,247,0,0,0,0,0,0,0,0,247,0,0,0,0,0,0,0,0,247,0,0,0,0,0,0,0,0,0,0,0,0,0,0,0,0,0,0,0,255,255,255,0,247,0,0,0,0,0,0,0,0
0,0,0,0,0,0,255,0,0,0,0,0,0,0,0,0,0,0,0,0,0,0,0,0,0,0,0,255,0,0,0,0,0,0,0,0,0,0,0,0,0,0,255,255,255,0,0,0,0,0,0,255,255,255,0,0,0,0,0,0,0,247,0,255,255,255,0,247,0,0,0,0,0,247,0,0,0,0,0,247,0,0,0,0,0,0,0,0,0,0,0,0,0,0
0,0,0,0,0,0,255,0,0,0,0,0,0,247,0,0,0,0,0,0,0,0,0,0,0,0,0,255,0,0,247,0,0,0,0,0,0,0,0,0,0,0,0,0,0,0,0,0,0,0,0,0,0,0,0,0,0,0,0,0,0,0,0,0,235,0,0,0,0,0,0,0,0,0,0,0,0,0,0,0,0,0,247,0,0,0,0,0,0,0,0,0,0,0
0,0,0,0,0,0,255,0,0,0,0,0,0,0,0,0,0,0,0,0,0,0,0,0,0,0,0,255,0,0,0,0,0,0,0,0,0,0,0,0,0,0,0,247,0,0,247,0,0,247,0,0,247,0,0,0,0,0,0,0,255,255,255,0,247,0,0,0,0,0,247,0,0,0,0,0,247,0,0,0,0,0,0,0,0,0,0,0,0,0,0,0,0,0
0,0,0,0,0,0,255,0,0,0,0,0,0,0,0,0,0,0,0,0,0,0,0,0,0,0,0,255,0,0,0,0,0,0,0,0,0,0,0,0,0,0,0,247,0,0,247,0,0,247,0,0,247,0,0,0,0,0,0,0,0,0,0,0,0,0,0,0,0,0,0,0,0,0,0,0,0,0,255,255,255,0,0,0,255,255,255,0,0,0,0,0,0,0
0,0,0,0,0,0,255,0,1,1,1,0,0,0,0,0,0,0,0,0,0,0,0,0,0,0,0,255,0,0,0,0,0,1,1,1,0,0,0,0,0,0,0,0,0,0,0,0,0,0,0,0,0,0,0,0,0,0,0,0,0,0,0,0,0,0,255,255,255,0,0,0,0,0,0,0,0,0,0,247,0,0,0,0,0,0,0,0,0,0,0,0,0,0
0,0,0,0,0,0,255,0,0,0,0,0,0,247,0,0,0,0,0,0,0,0,0,0,0,0,0,255,0,0,247,0,0,0,0,0,0,0,0,0,0,0,255,255,255,0,0,0,0,0,0,255,255,255,0,0,0,0,0,0,0,0,0,0,0,0,0,0,0,0,0,0,0,0,0,0,247,0,0,0,0,0,0,0,0,0,0,0,0,0,0,0,0,0
0,0,0,0,0,0,255,0,0,0,0,0,0,0,0,0,0,0,0,0,0,0,0,0,0,0,0,255,0,0,0,0,0,0,0,0,0,0,0,0,0,0,0,0,0,0,7,0,0,7,0,0,0,0,0,0,0,255,255,255,0,0,0,0,0,0,0,0,0,0,247,0,0,0,0,0,247,0,0,0,0,0,0,0,0,0,0,0,0,0,0,247,0,0
0,0,0,0,0,0,255,0,0,0,0,0,0,0,0,0,0,0,0,0,0,0,0,0,0,0,0,255,0,0,0,0,0,0,0,0,0,0,0,0,0,0,0,0,0,0,247,0,0,247,0,0,0,0,0,247,0,0,0,0,0,0,0,0,0,0,0,0,0,0,247,0,0,0,0,87,252,87,0,0,0,0,0,0,0,0,0,255,255,255,0,0,0,0
0,0,0,0,0,0,255,0,0,0,0,0,255,255,255,0,0,0,0,0,0,0,0,0,0,0,0,255,0,255,255,255,0,0,0,0,0,0,0,0,0,0,0,0,0,0,0,0,0,0,0,0,0,0,0,0,0,0,0,0,0,0,0,0,0,0,0,0,0,95,95,95,0,247,0,0,0,0,0,0,0,0,0,0,0,0,0,0,247,0,0,0,0,0
0,0,0,0,0,0,255,0,0,247,0,0,0,0,0,0,0,0,0,0,0,0,0,0,0,0,0,255,0,0,0,0,0,0,247,0,0,0,0,0,0,0,0,0,0,0,0,0,0,0,0,0,0,0,0,247,0,0,247,0,0,0,0,0,0,0,0,0,0,0,0,0,0,247,0,0,0,0,0,0,0,0,0,0,0,0,0,0,0,0,0,0,0,0
0,0,0,0,0,0,255,0,0,0,0,0,0,0,0,0,0,0,0,0,0,0,0,0,0,0,0,255,0,0,0,0,0,0,0,0,0,0,0,0,0,0,0,0,0,1,1,1,1,1,1,0,0,0,255,255,255,0,0,0,0,0,0,0,0,0,0,0,0,0,0,0,255,255,255,0,0,0,0,0,0,0,0,0,0,247,0,0,247,0,255,255,255,0
0,0,0,0,0,0,255,0,0,247,0,0,0,0,0,0,0,0,0,0,0,0,0,0,0,0,0,255,0,0,0,0,0,0,247,0,0,0,0,0,0,0,0,0,0,255,255,255,255,255,255,0,0,0,0,0,0,0,247,0,0,247,0,0,0,0,0,0,0,0,0,0,78,78,78,0,0,0,0,0,0,0,0,0,0,0,0,0,247,0,0,0,0,0
0,0,0,0,0,0,255,0,0,0,0,0,0,0,0,0,0,0,0,0,0,0,0,0,0,0,0,255,0,0,0,0,0,0,0,0,0,0,0,0,0,0,0,0,0,0,0,0,0,0,0,0,0,0,0,247,0,0,0,0,0,247,0,0,247,0,0,0,0,0,0,0,45,45,45,0,0,0,0,0,0,0,247,0,0,247,0,0,0,0,0,247,0,0
0,0,0,0,0,0,255,0,255,255,255,0,0,0,0,0,0,0,0,0,0,0,0,0,0,0,0,255,0,0,0,0,0,255,255,255,0,0,0,0,0,0,255,255,255,0,0,0,0,0,0,255,255,255,0,0,0,255,255,255,0,0,0,0,0,0,0,0,0,0,0,0,0,0,0,0,0,0,0,0,0,0,0,0,0,0,0,255,255,255,0,0,0,0
0,0,0,0,0,0,255,0,0,0,0,0,0,0,0,0,0,0,0,0,0,0,0,0,0,0,0,255,0,0,0,0,0,0,0,0,0,0,0,0,0,0,0,0,0,255,255,255,255,255,255,0,0,0,0,0,0,255,255,255,0,0,0,0,0,0,0,0,0,255,255,255,0,0,0,255,255,255,0,247,0,0,247,0,0,0,0,255,255,255,0,0,0,0
0,0,0,0,0,0,255,0,0,247,0,0,255,255,255,0,0,0,0,0,0,0,0,0,0,0,0,255,0,255,255,255,0,0,247,0,0,0,0,0,0,0,255,255,255,0,0,0,0,0,0,255,255,255,0,0,0,0,0,0,0,0,0,0,247,0,0,0,0,0,0,0,0,0,0,0,0,0,0,0,0,0,0,0,0,0,0,0,0,0,0,247,0,0
0,0,0,0,0,0,255,0,0,0,0,0,0,0,0,0,0,0,0,0,0,0,0,0,0,0,0,255,0,0,0,0,0,0,0,0,0,0,0,0,0,0,0,247,0,0,0,0,0,0,0,0,247,0,0,247,0,0,0,0,0,0,0,0,0,0,255,255,255,0,0,0,0,0,0,0,0,0,0,0,0,0,0,0,255,255,255,0,0,0,0,247,0,0
0,0,0,0,0,0,255,0,255,255,255,0,0,0,0,0,0,0,0,0,0,0,0,0,0,0,0,255,0,0,0,0,0,255,255,255,0,0,0,0,0,0,0,0,0,255,255,255,255,255,255,0,0,0,0,247,0,0,0,0,255,255,255,0,0,0,0,247,0,0,247,0,0,0,0,0,247,0,255,255,255,0,0,0,255,255,255,0,0,0,0,0,0,0
